12.2822 84.3693 310.513 301.554 5 0.970096 
262.89 157.391 315.312 337.68 0 0.930144 
91.2257 153.988 139.839 326.702 0 0.905777 
22.7529 158.298 96.1455 347.457 0 0.895457 
89.6111 221.5 119.004 269.539 26 0.57263 
48.5727 10.5655 344.623 278.387 0 0.997678 
243.47 23.5587 374.041 247.749 0 0.9839 
55.2589 69.3815 360.281 249.452 0 0.949937 
141.584 152.756 164.2 242.024 27 0.694136 
12.2822 84.3693 310.513 301.554 5 0.970096 
262.89 157.391 315.312 337.68 0 0.930144 
91.2257 153.988 139.839 326.702 0 0.905777 
22.7529 158.298 96.1455 347.457 0 0.895457 
89.6111 221.5 119.004 269.539 26 0.57263 
48.5727 10.5655 344.623 278.387 0 0.997678 
243.47 23.5587 374.041 247.749 0 0.9839 
55.2589 69.3815 360.281 249.452 0 0.949937 
141.584 152.756 164.2 242.024 27 0.694136 
12.2822 84.3693 310.513 301.554 5 0.970096 
12.2822 84.3693 310.513 301.554 5 0.970096 
12.2822 84.3693 310.513 301.554 5 0.970096 
12.2822 84.3693 310.513 301.554 5 0.970096 
262.89 157.391 315.312 337.68 0 0.930144 
91.2257 153.988 139.839 326.702 0 0.905777 
22.7529 158.298 96.1455 347.457 0 0.895457 
89.6111 221.5 119.004 269.539 26 0.57263 
48.5727 10.5655 344.623 278.387 0 0.997678 
243.47 23.5587 374.041 247.749 0 0.9839 
55.2589 69.3815 360.281 249.452 0 0.949937 
141.584 152.756 164.2 242.024 27 0.694136 
12.2822 84.3693 310.513 301.554 5 0.970096 
262.89 157.391 315.312 337.68 0 0.930144 
91.2257 153.988 139.839 326.702 0 0.905777 
22.7529 158.298 96.1455 347.457 0 0.895457 
89.6111 221.5 119.004 269.539 26 0.57263 
48.5727 10.5655 344.623 278.387 0 0.997678 
243.47 23.5587 374.041 247.749 0 0.9839 
55.2589 69.3815 360.281 249.452 0 0.949937 
141.584 152.756 164.2 242.024 27 0.694136 
12.2822 84.3693 310.513 301.554 5 0.970096 
12.2822 84.3693 310.513 301.554 5 0.970096 
12.2822 84.3693 310.513 301.554 5 0.970096 
262.89 157.391 315.312 337.68 0 0.930144 
91.2257 153.988 139.839 326.702 0 0.905777 
22.7529 158.298 96.1455 347.457 0 0.895457 
89.6111 221.5 119.004 269.539 26 0.57263 
48.5727 10.5655 344.623 278.387 0 0.997678 
243.47 23.5587 374.041 247.749 0 0.9839 
55.2589 69.3815 360.281 249.452 0 0.949937 
141.584 152.756 164.2 242.024 27 0.694136 
12.2822 84.3693 310.513 301.554 5 0.970096 
262.89 157.391 315.312 337.68 0 0.930144 
91.2257 153.988 139.839 326.702 0 0.905777 
22.7529 158.298 96.1455 347.457 0 0.895457 
89.6111 221.5 119.004 269.539 26 0.57263 
48.5727 10.5655 344.623 278.387 0 0.997678 
243.47 23.5587 374.041 247.749 0 0.9839 
55.2589 69.3815 360.281 249.452 0 0.949937 
141.584 152.756 164.2 242.024 27 0.694136 
12.2822 84.3693 310.513 301.554 5 0.970096 
262.89 157.391 315.312 337.68 0 0.930144 
91.2257 153.988 139.839 326.702 0 0.905777 
22.7529 158.298 96.1455 347.457 0 0.895457 
89.6111 221.5 119.004 269.539 26 0.57263 
48.5727 10.5655 344.623 278.387 0 0.997678 
243.47 23.5587 374.041 247.749 0 0.9839 
55.2589 69.3815 360.281 249.452 0 0.949937 
141.584 152.756 164.2 242.024 27 0.694136 
